59.912712377628324,10.674962356326652	3.38
59.91356333126531,10.673961050407499	3.52
59.91430431245109,10.674647660180636	3.04
59.913940994710636,10.675286588719523	4.22
59.91319044415439,10.676087633454845	4.11
59.91350596429012,10.677193838089337	2.48
59.913969677834736,10.676287894638673	4.54
59.91442860444937,10.675772937308825	3.53
59.91502137526936,10.67520076249788	1.02
59.915599794655236,10.676049488467449	1.89
59.9150500574599,10.676812388215374	3.54
59.9147010891248,10.677279664310978	4.04
59.91400792196161,10.678271433983282	4.05
59.91434255619244,10.679797233479135	2.76
59.91479191685285,10.679158304940247	3.4
59.91523171075772,10.678595666376152	2.07
59.91571930153641,10.678042564058904	3.54
59.91616386335684,10.677451316754263	1.92
