59.912712377628324,10.674962356326652	2.7
59.91356333126531,10.673961050407499	2.82
59.91430431245109,10.674647660180636	2.44
59.913940994710636,10.675286588719523	3.38
59.91319044415439,10.676087633454845	3.29
59.91350596429012,10.677193838089337	1.98
59.913969677834736,10.676287894638673	3.63
59.91442860444937,10.675772937308825	2.83
59.91502137526936,10.67520076249788	0.81
59.915599794655236,10.676049488467449	1.51
59.9150500574599,10.676812388215374	2.84
59.9147010891248,10.677279664310978	3.24
59.91400792196161,10.678271433983282	3.24
59.91434255619244,10.679797233479135	2.21
59.91479191685285,10.679158304940247	2.72
59.91523171075772,10.678595666376152	1.66
59.91571930153641,10.678042564058904	2.83
59.91616386335684,10.677451316754263	1.53
