59.912712377628324,10.674962356326652	4.05
59.91356333126531,10.673961050407499	4.23
59.91430431245109,10.674647660180636	3.65
59.913940994710636,10.675286588719523	5.06
59.91319044415439,10.676087633454845	4.93
59.91350596429012,10.677193838089337	2.97
59.913969677834736,10.676287894638673	5.45
59.91442860444937,10.675772937308825	4.24
59.91502137526936,10.67520076249788	1.22
59.915599794655236,10.676049488467449	2.26
59.9150500574599,10.676812388215374	4.25
59.9147010891248,10.677279664310978	4.85
59.91400792196161,10.678271433983282	4.86
59.91434255619244,10.679797233479135	3.31
59.91479191685285,10.679158304940247	4.08
59.91523171075772,10.678595666376152	2.49
59.91571930153641,10.678042564058904	4.25
59.91616386335684,10.677451316754263	2.3
