59.91097179457186,10.669202958861451	3.09
59.91147202374323,10.66876307660375	0.68
59.911993760117134,10.66816226181274	0.14
59.91259616717395,10.667615091199497	3.63
59.913112507379154,10.667271768461777	1.52
59.91342445902792,10.66824809249717	3.38
59.91291350220959,10.668913280301501	1.43
59.912359508562474,10.66927806071033	1.04
59.9117678546525,10.66982523132357	0.76
59.911359069427895,10.670436774950133	2.32
59.91192383716139,10.671949540763213	0.71
59.91233261543168,10.67119852227445	1.58
59.912669351258565,10.67045171131707	2.37
59.91324303100721,10.66973649280339	1.52
59.91370674822484,10.66910710051135	0.97
59.91422782479145,10.670766407463091	0.52
59.91361113695753,10.67149116222362	0.77
59.91315219904096,10.671958438319225	1.21
59.91278408800142,10.672578294364413	1.97
59.91234904241922,10.673427020333982	2.05
